Basic robot sim
===============

We need a map.

    >>> amap = [[0, 0, 0, 0, 0, 0, 0, 0],
    ...         [0, 0, 0, 0, 0, 0, 0, 0],
    ...         [0, 0, 0, 0, 0, 0, 0, 0],
    ...         [0, 0, 0, 0, 1, 0, 0, 0],
    ...         [0, 0, 0, 0, 1, 0, 0, 0],
    ...         [0, 0, 0, 0, 1, 0, 0, 0],
    ...         [0, 0, 0, 0, 0, 0, 0, 0],
    ...         [0, 0, 0, 0, 0, 0, 0, 0]]

And a robot

    >>> import sim.basic
    >>> r = sim.basic.Robot(8, amap, 2, 2)

That now has the map set up

    >>> import pprint
    >>> pp = pprint.PrettyPrinter()
    >>> pp.pprint(r.state)
    [[0, 0, 0, 0, 0, 0, 0, 0],
     [0, 0, 0, 0, 0, 0, 0, 0],
     [0, 0, 8, 0, 0, 0, 0, 0],
     [0, 0, 0, 0, 1, 0, 0, 0],
     [0, 0, 0, 0, 1, 0, 0, 0],
     [0, 0, 0, 0, 1, 0, 0, 0],
     [0, 0, 0, 0, 0, 0, 0, 0],
     [0, 0, 0, 0, 0, 0, 0, 0]]

The robot starts facing upwards so can move that way

    >>> r.forward()
    >>> pp.pprint(r.state)
    [[0, 0, 0, 0, 0, 0, 0, 0],
     [0, 0, 8, 0, 0, 0, 0, 0],
     [0, 0, 0, 0, 0, 0, 0, 0],
     [0, 0, 0, 0, 1, 0, 0, 0],
     [0, 0, 0, 0, 1, 0, 0, 0],
     [0, 0, 0, 0, 1, 0, 0, 0],
     [0, 0, 0, 0, 0, 0, 0, 0],
     [0, 0, 0, 0, 0, 0, 0, 0]]

The robot can turn

    >>> r.turnleft45()
    >>> pp.pprint(r.state)
    [[0, 0, 0, 0, 0, 0, 0, 0],
     [0, 0, 8, 0, 0, 0, 0, 0],
     [0, 0, 0, 0, 0, 0, 0, 0],
     [0, 0, 0, 0, 1, 0, 0, 0],
     [0, 0, 0, 0, 1, 0, 0, 0],
     [0, 0, 0, 0, 1, 0, 0, 0],
     [0, 0, 0, 0, 0, 0, 0, 0],
     [0, 0, 0, 0, 0, 0, 0, 0]]

    >>> r.forward()
    >>> pp.pprint(r.state)
    [[0, 8, 0, 0, 0, 0, 0, 0],
     [0, 0, 0, 0, 0, 0, 0, 0],
     [0, 0, 0, 0, 0, 0, 0, 0],
     [0, 0, 0, 0, 1, 0, 0, 0],
     [0, 0, 0, 0, 1, 0, 0, 0],
     [0, 0, 0, 0, 1, 0, 0, 0],
     [0, 0, 0, 0, 0, 0, 0, 0],
     [0, 0, 0, 0, 0, 0, 0, 0]]

